"Sens Factor =1.516dB, SERNO: 7055332"
"Auto-generated 90-degree calibration file"
10.054	-5.0458
10.179	-4.8805
10.306	-4.7184
10.434	-4.5595
10.564	-4.4037
10.696	-4.2511
10.829	-4.1016
10.964	-3.9551
11.100	-3.8117
11.238	-3.6713
11.378	-3.5338
11.520	-3.3993
11.663	-3.2677
11.809	-3.1389
11.956	-3.0130
12.104	-2.8899
12.255	-2.7695
12.408	-2.6519
12.562	-2.5370
12.718	-2.4248
12.877	-2.3152
13.037	-2.2083
13.199	-2.1039
13.364	-2.0020
13.530	-1.9027
13.698	-1.8059
13.869	-1.7115
14.042	-1.6195
14.216	-1.5299
14.393	-1.4427
14.573	-1.3578
14.754	-1.2751
14.938	-1.1948
15.124	-1.1166
15.312	-1.0407
15.503	-0.9669
15.696	-0.8952
15.891	-0.8257
16.089	-0.7582
16.289	-0.6927
16.492	-0.6292
16.697	-0.5677
16.905	-0.5081
17.115	-0.4505
17.328	-0.3947
17.544	-0.3407
17.763	-0.2885
17.984	-0.2382
18.208	-0.1895
18.434	-0.1426
18.664	-0.0973
18.896	-0.0537
19.131	-0.0117
19.369	0.0287
19.611	0.0676
19.855	0.1050
20.102	0.1408
20.352	0.1753
20.605	0.2083
20.862	0.2399
21.122	0.2702
21.385	0.2991
21.651	0.3268
21.920	0.3532
22.193	0.3784
22.470	0.4023
22.749	0.4252
23.032	0.4469
23.319	0.4675
23.609	0.4870
23.903	0.5055
24.201	0.5230
24.502	0.5395
24.807	0.5551
25.116	0.5698
25.429	0.5837
25.745	0.5966
26.066	0.6088
26.390	0.6202
26.719	0.6309
27.051	0.6409
27.388	0.6502
27.729	0.6588
28.074	0.6668
28.424	0.6743
28.778	0.6812
29.136	0.6875
29.499	0.6934
29.866	0.6989
30.238	0.7039
30.614	0.7085
30.995	0.7128
31.381	0.7168
31.772	0.7205
32.167	0.7239
32.568	0.7271
32.973	0.7301
33.383	0.7329
33.799	0.7356
34.220	0.7382
34.646	0.7408
35.077	0.7433
35.514	0.7473
35.956	0.7510
36.403	0.7535
36.857	0.7547
37.315	0.7558
37.780	0.7587
38.250	0.7654
38.726	0.7775
39.209	0.7953
39.697	0.8177
40.191	0.8430
40.691	0.8681
41.198	0.8903
41.711	0.9072
42.230	0.9175
42.756	0.9214
43.288	0.9199
43.827	0.9148
44.372	0.9073
44.925	0.8989
45.484	0.8909
46.050	0.8841
46.623	0.8791
47.204	0.8764
47.791	0.8764
48.386	0.8796
48.989	0.8860
49.599	0.8953
50.216	0.9068
50.841	0.9199
51.474	0.9337
52.115	0.9472
52.764	0.9595
53.420	0.9699
54.085	0.9786
54.759	0.9865
55.440	0.9945
56.131	1.0040
56.829	1.0162
57.537	1.0316
58.253	1.0503
58.978	1.0713
59.712	1.0933
60.456	1.1147
61.208	1.1336
61.970	1.1479
62.742	1.1554
63.523	1.1545
64.314	1.1445
65.114	1.1262
65.925	1.1019
66.745	1.0746
67.576	1.0478
68.418	1.0246
69.269	1.0070
70.132	0.9960
71.005	0.9910
71.889	0.9900
72.784	0.9911
73.690	0.9923
74.607	0.9923
75.536	0.9902
76.476	0.9853
77.428	0.9779
78.392	0.9682
79.368	0.9566
80.356	0.9435
81.356	0.9299
82.369	0.9167
83.394	0.9049
84.433	0.8952
85.484	0.8877
86.548	0.8821
87.625	0.8776
88.716	0.8733
89.820	0.8685
90.939	0.8623
92.071	0.8546
93.217	0.8452
94.377	0.8342
95.552	0.8216
96.742	0.8081
97.946	0.7946
99.165	0.7822
100.400	0.7721
101.650	0.7649
102.915	0.7606
104.196	0.7590
105.493	0.7595
106.806	0.7610
108.136	0.7623
109.482	0.7626
110.845	0.7613
112.225	0.7582
113.622	0.7534
115.037	0.7469
116.469	0.7393
117.919	0.7308
119.386	0.7223
120.873	0.7142
122.377	0.7071
123.901	0.7013
125.443	0.6970
127.005	0.6938
128.586	0.6913
130.187	0.6892
131.807	0.6872
133.448	0.6850
135.109	0.6825
136.791	0.6796
138.494	0.6761
140.218	0.6724
141.964	0.6685
143.731	0.6649
145.520	0.6616
147.332	0.6590
149.166	0.6568
151.023	0.6547
152.903	0.6521
154.806	0.6482
156.734	0.6425
158.685	0.6345
160.660	0.6244
162.660	0.6122
164.685	0.5986
166.735	0.5837
168.811	0.5680
170.912	0.5519
173.040	0.5357
175.194	0.5197
177.375	0.5045
179.583	0.4904
181.819	0.4781
184.082	0.4676
186.374	0.4591
188.694	0.4525
191.043	0.4475
193.421	0.4439
195.829	0.4415
198.267	0.4400
200.735	0.4389
203.234	0.4380
205.764	0.4369
208.325	0.4353
210.919	0.4329
213.544	0.4297
216.203	0.4257
218.894	0.4209
221.619	0.4156
224.378	0.4101
227.171	0.4048
229.999	0.4000
232.862	0.3956
235.761	0.3917
238.696	0.3883
241.668	0.3855
244.676	0.3832
247.722	0.3814
250.806	0.3800
253.928	0.3789
257.089	0.3783
260.290	0.3778
263.530	0.3775
266.810	0.3770
270.132	0.3763
273.495	0.3750
276.899	0.3729
280.346	0.3700
283.836	0.3660
287.370	0.3609
290.947	0.3550
294.569	0.3482
298.236	0.3410
301.949	0.3333
305.708	0.3253
309.513	0.3171
313.366	0.3084
317.267	0.2993
321.217	0.2897
325.216	0.2797
329.264	0.2695
333.363	0.2590
337.513	0.2484
341.715	0.2378
345.969	0.2272
350.276	0.2166
354.636	0.2062
359.051	0.1960
363.521	0.1861
368.046	0.1768
372.628	0.1681
377.266	0.1596
381.963	0.1513
386.718	0.1433
391.532	0.1355
396.406	0.1281
401.341	0.1211
406.337	0.1143
411.395	0.1076
416.517	0.1010
421.702	0.0944
426.951	0.0879
432.266	0.0817
437.648	0.0758
443.096	0.0703
448.612	0.0653
454.196	0.0609
459.851	0.0571
465.575	0.0539
471.371	0.0513
477.239	0.0491
483.180	0.0474
489.195	0.0461
495.285	0.0450
501.450	0.0442
507.693	0.0435
514.013	0.0431
520.412	0.0428
526.890	0.0426
533.449	0.0427
540.090	0.0429
546.814	0.0433
553.621	0.0439
560.513	0.0447
567.490	0.0457
574.555	0.0469
581.707	0.0482
588.949	0.0494
596.281	0.0503
603.703	0.0507
611.219	0.0506
618.828	0.0499
626.531	0.0489
634.331	0.0477
642.228	0.0463
650.222	0.0445
658.317	0.0425
666.512	0.0403
674.809	0.0379
683.210	0.0356
691.715	0.0332
700.326	0.0309
709.044	0.0286
717.871	0.0265
726.807	0.0243
735.855	0.0222
745.016	0.0201
754.290	0.0180
763.680	0.0159
773.187	0.0133
782.812	0.0110
792.557	0.0086
802.424	0.0065
812.413	0.0045
822.526	0.0024
832.766	0.0006
843.133	-0.0009
853.629	-0.0023
864.255	-0.0037
875.014	-0.0049
885.907	-0.0061
896.935	-0.0073
908.101	-0.0087
919.406	-0.0101
930.851	-0.0115
942.439	-0.0132
954.171	-0.0149
966.049	-0.0169
978.076	-0.0192
990.251	-0.0217
1002.579	-0.0245
1015.060	-0.0274
1027.696	-0.0305
1040.489	-0.0339
1053.442	-0.0370
1066.556	-0.0400
1079.833	-0.0428
1093.276	-0.0453
1106.886	-0.0476
1120.665	-0.0495
1134.616	-0.0512
1148.741	-0.0527
1163.041	-0.0539
1177.519	-0.0550
1192.178	-0.0558
1207.019	-0.0564
1222.045	-0.0571
1237.258	-0.0576
1252.660	-0.0578
1268.254	-0.0579
1284.042	-0.0580
1300.027	-0.0579
1316.211	-0.0577
1332.596	-0.0575
1349.185	-0.0572
1365.981	-0.0574
1382.985	-0.0578
1400.202	-0.0583
1417.633	-0.0589
1435.280	-0.0594
1453.148	-0.0602
1471.238	-0.0609
1489.553	-0.0613
1508.096	-0.0616
1526.870	-0.0616
1545.877	-0.0612
1565.121	-0.0603
1584.605	-0.0591
1604.332	-0.0573
1624.303	-0.0550
1644.524	-0.0523
1664.996	-0.0491
1685.723	-0.0454
1706.708	-0.0415
1727.955	-0.0378
1749.466	-0.0340
1771.244	-0.0299
1793.294	-0.0257
1815.618	-0.0213
1838.221	-0.0165
1861.104	-0.0116
1884.272	-0.0064
1907.729	-0.0008
1931.478	0.0044
1955.523	0.0098
1979.866	0.0154
2004.513	0.0214
2029.467	0.0278
2054.731	0.0343
2080.310	0.0410
2106.207	0.0476
2132.427	0.0543
2158.973	0.0607
2185.849	0.0669
2213.060	0.0729
2240.610	0.0790
2268.503	0.0847
2296.743	0.0902
2325.334	0.0957
2354.282	0.1009
2383.590	0.1061
2413.262	0.1115
2443.305	0.1167
2473.721	0.1221
2504.515	0.1278
2535.693	0.1338
2567.260	0.1398
2599.219	0.1459
2631.576	0.1520
2664.335	0.1582
2697.503	0.1648
2731.084	0.1718
2765.082	0.1790
2799.504	0.1864
2834.354	0.1940
2869.638	0.2016
2905.362	0.2087
2941.530	0.2158
2978.148	0.2230
3015.222	0.2304
3052.758	0.2379
3090.761	0.2454
3129.237	0.2530
3168.192	0.2607
3207.632	0.2684
3247.563	0.2759
3287.991	0.2831
3328.923	0.2904
3370.364	0.2978
3412.320	0.3056
3454.799	0.3139
3497.807	0.3228
3541.351	0.3327
3585.436	0.3433
3630.070	0.3543
3675.260	0.3658
3721.012	0.3775
3767.334	0.3895
3814.233	0.4018
3861.715	0.4139
3909.789	0.4257
3958.460	0.4369
4007.738	0.4478
4057.630	0.4582
4108.142	0.4678
4159.283	0.4773
4211.061	0.4867
4263.483	0.4961
4316.559	0.5056
4370.294	0.5153
4424.699	0.5249
4479.781	0.5345
4535.548	0.5442
4592.010	0.5537
4649.175	0.5629
4707.051	0.5719
4765.648	0.5807
4824.975	0.5890
4885.039	0.5955
4945.852	0.6010
5007.421	0.6060
5069.757	0.6101
5132.870	0.6129
5196.768	0.6133
5261.460	0.6118
5326.959	0.6079
5393.273	0.6014
5460.413	0.5924
5528.388	0.5811
5597.209	0.5677
5666.887	0.5525
5737.433	0.5359
5808.857	0.5184
5881.169	0.5001
5954.383	0.4810
6028.507	0.4615
6103.555	0.4417
6179.536	0.4217
6256.464	0.4015
6334.349	0.3815
6413.204	0.3616
6493.040	0.3422
6573.870	0.3232
6655.706	0.3046
6738.562	0.2862
6822.448	0.2676
6907.379	0.2482
6993.367	0.2269
7080.426	0.2027
7168.568	0.1743
7257.808	0.1411
7348.158	0.1033
7439.633	0.0594
7532.248	0.0089
7626.015	-0.0470
7720.949	-0.1054
7817.065	-0.1653
7914.377	-0.2263
8012.901	-0.2887
8112.652	-0.3530
8213.645	-0.4190
8315.894	-0.4899
8419.416	-0.5666
8524.228	-0.6494
8630.343	-0.7384
8737.780	-0.8314
8846.555	-0.9262
8956.683	-1.0215
9068.182	-1.1166
9181.069	-1.2113
9295.362	-1.3056
9411.078	-1.4001
9528.233	-1.4956
9646.849	-1.5928
9766.939	-1.6930
9888.525	-1.7960
10011.625	-1.9019
10136.257	-2.0108
10262.440	-2.1223
10390.195	-2.2350
10519.540	-2.3500
10650.495	-2.4671
10783.080	-2.5861
10917.316	-2.7068
11053.223	-2.8292
11190.821	-2.9534
11330.133	-3.0793
11471.179	-3.2069
11613.980	-3.3354
11758.561	-3.4641
11904.939	-3.5919
12053.141	-3.7177
12203.188	-3.8402
12355.102	-3.9586
12508.907	-4.0728
12664.627	-4.1845
12822.286	-4.2957
12981.907	-4.4071
13143.516	-4.5197
13307.136	-4.6336
13472.793	-4.7487
13640.512	-4.8637
13810.319	-4.9761
13982.240	-5.0852
14156.302	-5.1909
14332.529	-5.2925
14510.951	-5.3916
14691.595	-5.4891
14874.486	-5.5871
15059.655	-5.6863
15247.129	-5.7870
15436.937	-5.8887
15629.106	-5.9912
15823.669	-6.0943
16020.654	-6.1979
16220.091	-6.3018
16422.010	-6.4055
16626.443	-6.5090
16833.422	-6.6128
17042.977	-6.7170
17255.141	-6.8210
17469.945	-6.9240
17687.424	-7.0264
17907.609	-7.1119
18130.537	-7.1989
18356.240	-7.2871
18584.752	-7.3766
18816.107	-7.4676
19050.346	-7.5596
19287.498	-7.6520
19527.604	-7.7449
19770.697	-7.8382
20016.816	-7.9325
