"Sens Factor =1.516dB, SERNO: 7055332"
10.054	-5.0458
10.179	-4.8805
10.306	-4.7184
10.434	-4.5595
10.564	-4.4037
10.696	-4.2511
10.829	-4.1016
10.964	-3.9551
11.1	-3.8117
11.238	-3.6713
11.378	-3.5338
11.52	-3.3993
11.663	-3.2677
11.809	-3.1389
11.956	-3.0130
12.104	-2.8899
12.255	-2.7695
12.408	-2.6519
12.562	-2.5370
12.718	-2.4248
12.877	-2.3152
13.037	-2.2083
13.199	-2.1039
13.364	-2.0020
13.53	-1.9027
13.698	-1.8059
13.869	-1.7115
14.042	-1.6195
14.216	-1.5299
14.393	-1.4427
14.573	-1.3578
14.754	-1.2751
14.938	-1.1948
15.124	-1.1166
15.312	-1.0407
15.503	-0.9669
15.696	-0.8952
15.891	-0.8257
16.089	-0.7582
16.289	-0.6927
16.492	-0.6292
16.697	-0.5677
16.905	-0.5081
17.115	-0.4505
17.328	-0.3947
17.544	-0.3407
17.763	-0.2885
17.984	-0.2382
18.208	-0.1895
18.434	-0.1426
18.664	-0.0973
18.896	-0.0537
19.131	-0.0117
19.369	0.0287
19.611	0.0676
19.855	0.1050
20.102	0.1408
20.352	0.1753
20.605	0.2083
20.862	0.2399
21.122	0.2702
21.385	0.2991
21.651	0.3268
21.92	0.3532
22.193	0.3784
22.47	0.4023
22.749	0.4252
23.032	0.4469
23.319	0.4675
23.609	0.4870
23.903	0.5055
24.201	0.5230
24.502	0.5395
24.807	0.5551
25.116	0.5698
25.429	0.5837
25.745	0.5966
26.066	0.6088
26.39	0.6202
26.719	0.6309
27.051	0.6409
27.388	0.6502
27.729	0.6588
28.074	0.6668
28.424	0.6743
28.778	0.6812
29.136	0.6875
29.499	0.6934
29.866	0.6989
30.238	0.7039
30.614	0.7085
30.995	0.7128
31.381	0.7168
31.772	0.7205
32.167	0.7239
32.568	0.7271
32.973	0.7301
33.383	0.7329
33.799	0.7356
34.22	0.7382
34.646	0.7408
35.077	0.7433
35.514	0.7473
35.956	0.7510
36.403	0.7535
36.857	0.7547
37.315	0.7558
37.78	0.7587
38.25	0.7654
38.726	0.7775
39.209	0.7953
39.697	0.8177
40.191	0.8430
40.691	0.8681
41.198	0.8903
41.711	0.9072
42.23	0.9175
42.756	0.9214
43.288	0.9199
43.827	0.9148
44.372	0.9073
44.925	0.8989
45.484	0.8909
46.05	0.8841
46.623	0.8791
47.204	0.8764
47.791	0.8764
48.386	0.8796
48.989	0.8860
49.599	0.8953
50.216	0.9068
50.841	0.9199
51.474	0.9337
52.115	0.9472
52.764	0.9595
53.42	0.9699
54.085	0.9786
54.759	0.9865
55.44	0.9945
56.131	1.0040
56.829	1.0162
57.537	1.0316
58.253	1.0503
58.978	1.0713
59.712	1.0933
60.456	1.1147
61.208	1.1336
61.97	1.1479
62.742	1.1554
63.523	1.1545
64.314	1.1445
65.114	1.1262
65.925	1.1019
66.745	1.0746
67.576	1.0478
68.418	1.0246
69.269	1.0070
70.132	0.9960
71.005	0.9910
71.889	0.9900
72.784	0.9911
73.69	0.9923
74.607	0.9923
75.536	0.9902
76.476	0.9853
77.428	0.9779
78.392	0.9682
79.368	0.9566
80.356	0.9435
81.356	0.9299
82.369	0.9167
83.394	0.9049
84.433	0.8952
85.484	0.8877
86.548	0.8821
87.625	0.8776
88.716	0.8733
89.82	0.8685
90.939	0.8623
92.071	0.8546
93.217	0.8452
94.377	0.8342
95.552	0.8216
96.742	0.8081
97.946	0.7946
99.165	0.7822
100.4	0.7721
101.65	0.7649
102.915	0.7606
104.196	0.7590
105.493	0.7595
106.806	0.7610
108.136	0.7623
109.482	0.7626
110.845	0.7613
112.225	0.7582
113.622	0.7534
115.037	0.7469
116.469	0.7393
117.919	0.7308
119.386	0.7223
120.873	0.7142
122.377	0.7071
123.901	0.7013
125.443	0.6970
127.005	0.6938
128.586	0.6913
130.187	0.6892
131.807	0.6872
133.448	0.6850
135.109	0.6825
136.791	0.6796
138.494	0.6761
140.218	0.6724
141.964	0.6685
143.731	0.6649
145.52	0.6616
147.332	0.6590
149.166	0.6568
151.023	0.6547
152.903	0.6521
154.806	0.6482
156.734	0.6425
158.685	0.6345
160.66	0.6244
162.66	0.6122
164.685	0.5986
166.735	0.5837
168.811	0.5680
170.912	0.5519
173.04	0.5357
175.194	0.5197
177.375	0.5045
179.583	0.4904
181.819	0.4781
184.082	0.4676
186.374	0.4591
188.694	0.4525
191.043	0.4475
193.421	0.4439
195.829	0.4415
198.267	0.4400
200.735	0.4389
203.234	0.4380
205.764	0.4369
208.325	0.4353
210.919	0.4329
213.544	0.4297
216.203	0.4257
218.894	0.4209
221.619	0.4156
224.378	0.4101
227.171	0.4048
229.999	0.4000
232.862	0.3956
235.761	0.3917
238.696	0.3883
241.668	0.3855
244.676	0.3832
247.722	0.3814
250.806	0.3800
253.928	0.3789
257.089	0.3783
260.29	0.3778
263.53	0.3775
266.81	0.3770
270.132	0.3763
273.495	0.3750
276.899	0.3729
280.346	0.3700
283.836	0.3660
287.37	0.3609
290.947	0.3550
294.569	0.3482
298.236	0.3410
301.949	0.3333
305.708	0.3253
309.513	0.3171
313.366	0.3084
317.267	0.2993
321.217	0.2897
325.216	0.2797
329.264	0.2695
333.363	0.2590
337.513	0.2484
341.715	0.2378
345.969	0.2272
350.276	0.2166
354.636	0.2062
359.051	0.1960
363.521	0.1861
368.046	0.1768
372.628	0.1681
377.266	0.1596
381.963	0.1513
386.718	0.1433
391.532	0.1355
396.406	0.1281
401.341	0.1211
406.337	0.1143
411.395	0.1076
416.517	0.1010
421.702	0.0944
426.951	0.0879
432.266	0.0817
437.648	0.0758
443.096	0.0703
448.612	0.0653
454.196	0.0609
459.851	0.0571
465.575	0.0539
471.371	0.0513
477.239	0.0491
483.18	0.0474
489.195	0.0461
495.285	0.0450
501.45	0.0442
507.693	0.0435
514.013	0.0431
520.412	0.0428
526.89	0.0426
533.449	0.0427
540.09	0.0429
546.814	0.0433
553.621	0.0439
560.513	0.0447
567.49	0.0457
574.555	0.0469
581.707	0.0482
588.949	0.0494
596.281	0.0503
603.703	0.0507
611.219	0.0506
618.828	0.0499
626.531	0.0489
634.331	0.0477
642.228	0.0464
650.222	0.0448
658.317	0.0430
666.512	0.0410
674.809	0.0388
683.21	0.0367
691.715	0.0345
700.326	0.0325
709.044	0.0304
717.871	0.0285
726.807	0.0265
735.855	0.0246
745.016	0.0227
754.29	0.0208
763.68	0.0191
773.187	0.0174
782.812	0.0159
792.557	0.0144
802.424	0.0132
812.413	0.0121
822.526	0.0111
832.766	0.0104
843.133	0.0099
853.629	0.0096
864.255	0.0095
875.014	0.0095
885.907	0.0096
896.935	0.0097
908.101	0.0097
919.406	0.0098
930.851	0.0098
942.439	0.0097
954.171	0.0095
966.049	0.0091
978.076	0.0085
990.251	0.0077
1002.579	0.0066
1015.06	0.0055
1027.696	0.0044
1040.489	0.0032
1053.442	0.0022
1066.556	0.0014
1079.833	0.0007
1093.276	0.0003
1106.886	0.0002
1120.665	0.0004
1134.616	0.0009
1148.741	0.0015
1163.041	0.0024
1177.519	0.0035
1192.178	0.0048
1207.019	0.0064
1222.045	0.0082
1237.258	0.0103
1252.66	0.0126
1268.254	0.0151
1284.042	0.0176
1300.027	0.0203
1316.211	0.0230
1332.596	0.0258
1349.185	0.0287
1365.981	0.0316
1382.985	0.0345
1400.202	0.0374
1417.633	0.0403
1435.28	0.0433
1453.148	0.0463
1471.238	0.0494
1489.553	0.0528
1508.096	0.0564
1526.87	0.0603
1545.877	0.0645
1565.121	0.0692
1584.605	0.0743
1604.332	0.0800
1624.303	0.0864
1644.524	0.0933
1664.996	0.1008
1685.723	0.1088
1706.708	0.1171
1727.955	0.1258
1749.466	0.1347
1771.244	0.1439
1793.294	0.1533
1815.618	0.1629
1838.221	0.1727
1861.104	0.1828
1884.272	0.1931
1907.729	0.2039
1931.478	0.2150
1955.523	0.2267
1979.866	0.2387
2004.513	0.2512
2029.467	0.2642
2054.731	0.2774
2080.31	0.2908
2106.207	0.3043
2132.427	0.3179
2158.973	0.3315
2185.849	0.3452
2213.06	0.3589
2240.61	0.3727
2268.503	0.3863
2296.743	0.3995
2325.334	0.4125
2354.282	0.4254
2383.59	0.4384
2413.262	0.4517
2443.305	0.4652
2473.721	0.4791
2504.515	0.4934
2535.693	0.5080
2567.26	0.5229
2599.219	0.5382
2631.576	0.5537
2664.335	0.5694
2697.503	0.5855
2731.084	0.6019
2765.082	0.6184
2799.504	0.6352
2834.354	0.6523
2869.638	0.6695
2905.362	0.6870
2941.53	0.7047
2978.148	0.7226
3015.222	0.7409
3052.758	0.7594
3090.761	0.7782
3129.237	0.7973
3168.192	0.8166
3207.632	0.8361
3247.563	0.8558
3287.991	0.8757
3328.923	0.8958
3370.364	0.9162
3412.32	0.9371
3454.799	0.9587
3497.807	0.9812
3541.351	1.0048
3585.436	1.0293
3630.07	1.0544
3675.26	1.0801
3721.012	1.1063
3767.334	1.1329
3814.233	1.1600
3861.715	1.1874
3909.789	1.2147
3958.46	1.2417
4007.738	1.2686
4057.63	1.2952
4108.142	1.3219
4159.283	1.3487
4211.061	1.3757
4263.483	1.4029
4316.559	1.4304
4370.294	1.4581
4424.699	1.4860
4479.781	1.5141
4535.548	1.5425
4592.01	1.5712
4649.175	1.6000
4707.051	1.6288
4765.648	1.6577
4824.975	1.6864
4885.039	1.7150
4945.852	1.7432
5007.421	1.7711
5069.757	1.7984
5132.87	1.8249
5196.768	1.8503
5261.46	1.8741
5326.959	1.8958
5393.273	1.9152
5460.413	1.9326
5528.388	1.9480
5597.209	1.9617
5666.887	1.9740
5737.433	1.9851
5808.857	1.9953
5881.169	2.0049
5954.383	2.0141
6028.507	2.0232
6103.555	2.0324
6179.536	2.0418
6256.464	2.0514
6334.349	2.0615
6413.204	2.0721
6493.04	2.0836
6573.87	2.0960
6655.706	2.1092
6738.562	2.1230
6822.448	2.1370
6907.379	2.1504
6993.367	2.1623
7080.426	2.1718
7168.568	2.1774
7257.808	2.1785
7348.158	2.1745
7439.633	2.1648
7532.248	2.1489
7626.015	2.1281
7720.949	2.1044
7817.065	2.0791
7914.377	2.0531
8012.901	2.0261
8112.652	1.9977
8213.645	1.9669
8315.894	1.9316
8419.416	1.8909
8524.228	1.8445
8630.343	1.7923
8737.78	1.7363
8846.555	1.6788
8956.683	1.6214
9068.182	1.5646
9181.069	1.5087
9295.362	1.4536
9411.078	1.3987
9528.233	1.3434
9646.849	1.2869
9766.939	1.2287
9888.525	1.1685
10011.625	1.1058
10136.257	1.0407
10262.44	0.9733
10390.195	0.9038
10519.54	0.8326
10650.495	0.7598
10783.08	0.6856
10917.316	0.6101
11053.223	0.5332
11190.821	0.4551
11330.133	0.3758
11471.179	0.2955
11613.98	0.2143
11758.561	0.1334
11904.939	0.0540
12053.141	-0.0228
12203.188	-0.0958
12355.102	-0.1647
12508.907	-0.2288
12664.627	-0.2897
12822.286	-0.3495
12981.907	-0.4093
13143.516	-0.4701
13307.136	-0.5316
13472.793	-0.5935
13640.512	-0.6548
13810.319	-0.7135
13982.24	-0.7685
14156.302	-0.8193
14332.529	-0.8654
14510.951	-0.9085
14691.595	-0.9502
14874.486	-0.9917
15059.655	-1.0337
15247.129	-1.0765
15436.937	-1.1202
15629.106	-1.1645
15823.669	-1.2088
16020.654	-1.2528
16220.091	-1.2964
16422.01	-1.3394
16626.443	-1.3816
16833.422	-1.4233
17042.977	-1.4646
17255.141	-1.5050
17469.945	-1.5440
17687.424	-1.5816
17907.609	-1.6016
18130.537	-1.6222
18356.24	-1.6435
18584.752	-1.6656
18816.107	-1.6883
19050.346	-1.7112
19287.498	-1.7337
19527.604	-1.7556
19770.697	-1.7770
20016.816	-1.7985

